起始时间: 2011年210日--00时10分38秒
采样长度: 512*1500
采样率: 125 SPS
GX:
1913935   1936389   1918317   1895334   1901382   1913262   1893055   1890627   1904108   1916181   1913977   1898663   1891287   1898027   1919494   1914723   1904256   1899559   1887999   1892371   1901732   1906245   1881828   1863266   1885665   1909577   1905091   1876807   1877448   1898789   1895286   1882950   1876946   1879222   1889048   1883957   1873876   1879486   
1886680   1887993   1883346   1880083   1883399   1889623   1889559   1883257   1880223   1882289   1887238   1888618   1888035   1889895   1887985   1884290   1887900   1884767   1881811   1887392   1888402   1888451   1884823   1884533   1884987   1883234   1895880   1906200   1891104   1891402   1918315   1904780   1879680   1890932   1899355   1904340   1909014   1894230   
1891451   1911791   1918440   1914659   1916215   1919147   1915125   1909399   1915874   1921390   1927047   1930101   1925148   1929778   1934586   1935124   1935192   1934371   1937431   1937647   1939368   1939851   1937030   1941620   1941904   1943353   1945479   1939873   1944233   1945339   1941539   1944415   1943845   1942809   1943011   1943494   1946311   1950670   
1947167   1937011   1938684   1946496   1944853   1941930   1936391   1935291   1951393   1954261   1945386   1943041   1940331   1934186   1930579   1940359   1942514   1933011   1923314   1921889   1931437   1935838   1937541   1933205   1928981   1928351   1928070   1928903   1920671   1920803   1919604   1913221   1921776   1919623   1909017   1908839   1913727   1913823   
起始时间: 2011年210日--00时10分38秒
采样长度: 512*1500
采样率: 125 SPS
GY:
3621319   3634771   3607784   3576103   3577694   3599041   3596751   3571037   3560307   3561353   3557677   3559430   3565606   3549608   3507634   3495221   3525310   3538257   3506659   3479959   3489840   3496329   3485472   3468115   3462421   3470339   3458857   3438845   3432634   3438043   3438429   3417313   3403669   3408060   3408454   3399815   3385212   3382685   
3387492   3385949   3379144   3370372   3367434   3366598   3368129   3363266   3353977   3349101   3345141   3342198   3334859   3330032   3322998   3313421   3314929   3316400   3310480   3302265   3296345   3290431   3280165   3272721   3268161   3264647   3263598   3261549   3258192   3251621   3255777   3256303   3236303   3231577   3244510   3235125   3206649   3209497   
3211309   3194134   3197809   3191367   3186788   3190515   3179849   3170527   3163027   3160019   3154369   3146280   3140790   3136239   3137979   3134072   3125075   3119640   3113375   3108233   3104515   3097229   3088538   3082983   3076561   3068806   3064401   3058453   3052229   3047578   3040655   3036069   3030161   3021538   3016417   3011238   3004984   3000956   
2991431   2979384   2975867   2968497   2958689   2953137   2944276   2938583   2938946   2935031   2925972   2920903   2914534   2909861   2904339   2890470   2881990   2869355   2859830   2859625   2851087   2845548   2844558   2841161   2834707   2826066   2818010   2809320   2800792   2792920   2785499   2776686   2776165   2777058   2763178   2753125   2754390   2750010   
起始时间: 2011年210日--00时10分38秒
采样长度: 512*1500
采样率: 125 SPS
GZ:
-5155     -4346     -1419     3704      7940      9438      11648     12909     11337     8293      7482      9885      11870     10785     6581      2561      735       1561      3989      5456      5657      6491      9602      13133     14256     12419     10787     11033     10455     8769      7967      8805      9645      9778      10215     12076     15357     17451     
18127     18765     19865     21189     22003     23008     24461     26232     27537     27051     25529     23984     22401     20997     21545     24081     25984     27738     29057     28644     27667     26237     24908     23985     23545     24112     25470     27189     29425     32264     33733     35969     39378     39297     36785     34468     33596     33537     
33954     34989     35467     37575     39345     38611     38449     38011     36980     36877     36855     37810     39856     41429     42485     43357     44548     45393     45807     46255     46296     46286     46586     46961     47425     48025     48462     48613     48066     47329     47061     46623     45914     45701     46009     46574     47284     47312     
47399     47743     47082     45960     45370     44107     42887     43120     42793     44300     48042     50426     51262     50221     48089     45357     42609     41588     41629     42160     43986     46013     47633     49642     50800     50660     49687     48454     48371     48669     49596     51932     53641     54905     56755     57877     58129     59452     
起始时间: 2011年210日--00时10分38秒
采样长度: 512*1500
采样率: 125 SPS
HY:
-53539    -51116    -51444    -53331    -52679    -47664    -43923    -46007    -46587    -44125    -41230    -38545    -35219    -33117    -32058    -27879    -27457    -29898    -30143    -29913    -24420    -20338    -21038    -22577    -23659    -21867    -24179    -30273    -34591    -36583    -36952    -39143    -42099    -43051    -42569    -42327    -42924    -43903    
-44391    -45235    -46291    -43519    -42441    -43282    -40728    -39987    -37086    -32731    -30417    -26908    -27111    -29156    -29192    -27895    -25643    -24844    -24156    -26023    -29318    -30954    -33566    -34477    -35618    -35996    -35659    -35974    -32743    -31447    -31900    -30361    -29095    -29247    -26202    -20137    -19191    -18770    
-14677    -11490    -9218     -5497     -930      977       1804      5392      4437      -244      -175      958       2247      1778      1699      4372      3466      932       -2663     -6354     -10921    -17461    -19855    -22888    -27761    -27585    -25454    -24699    -24555    -20932    -16147    -14106    -10294    -7613     -6440     -4660     -2455     -363      
450       3245      6899      9427      10890     10725     13097     19552     19614     16281     16109     15785     14970     11833     9999      8453      6297      4704      4285      4757      6132      7675      5316      4421      2473      2633      5713      4974      5171      3319      534       -1549     -3987     -6306     -9487     -10497    -11851    -14815    
